rr dimX dimY
1 11.6000003814697 914 231
2 11.6000003814697 914 231
3 11.8000001907349 911 232
4 11.8000001907349 911 232
5 11.8999996185303 914 233
6 11.8999996185303 914 233
7 12 910 234
8 12 910 234
9 12.3999996185303 914 235
10 12.3999996185303 914 235
11 12.3999996185303 911 236
12 12.3999996185303 911 236
13 8.39999961853027 838 152
14 8.39999961853027 838 152
15 8.69999980926514 839 149
16 8.69999980926514 839 149
17 11.6999998092651 976 275
18 11.8999996185303 979 274
19 11.8000001907349 979 273
20 10.8999996185303 1000 318
21 10.8000001907349 997 320
22 10.8999996185303 1003 309
23 10.8000001907349 999 309
24 9.89999961853027 887 319
25 10 886 319
26 10 886 323
27 10.1000003814697 885 323
28 10 885 319
29 10.1999998092651 884 319
30 10.1999998092651 883 318
31 10.1000003814697 883 323
32 10.1000003814697 883 323
33 10.1000003814697 882 323
34 10.1999998092651 882 318
35 10.1000003814697 882 319
36 10.1000003814697 878 320
37 10.1000003814697 878 320
38 10.1000003814697 882 320
39 10.1000003814697 882 321
40 10.1000003814697 878 322
41 10.1000003814697 878 322
42 10 882 322
43 10.1000003814697 882 323
44 10 879 323
45 10 880 324
46 10 886 323
47 10 886 323
48 9.89999961853027 886 324
49 10 881 325
50 10 882 325
51 10 882 326
52 10.1999998092651 882 318
53 10.1000003814697 882 317
54 10.1999998092651 878 317
55 10.1999998092651 877 317
56 10.1999998092651 877 316
57 10.1000003814697 881 315
58 10 882 315
59 10.1999998092651 877 315
60 10.1999998092651 877 314
61 10.1000003814697 881 313
62 10.1000003814697 881 313
63 10.1999998092651 878 313
64 10.1000003814697 878 312
65 10.3000001907349 880 311
66 10.1999998092651 878 311
67 10.3000001907349 879 310
68 10.1999998092651 878 310
69 10.1000003814697 884 317
70 10.1000003814697 885 318
71 10.1999998092651 883 316
72 10 882 315
73 8 913 357
74 8.10000038146973 913 356
75 8 917 356
76 8.19999980926514 917 355
77 13.3000001907349 906 268
78 13.3999996185303 907 268
79 13.3000001907349 904 269
80 13.1999998092651 903 270
81 13.3000001907349 907 270
82 13.3000001907349 907 270
83 13.3000001907349 904 271
84 13.3000001907349 905 272
85 13.1999998092651 906 273
86 13.1999998092651 906 274
87 13.1000003814697 910 274
88 13.1000003814697 909 274
89 13.1999998092651 906 275
90 13 906 276
91 12.8999996185303 909 276
92 12.8999996185303 909 276
93 12 907 293
94 11.8999996185303 907 294
95 12 904 294
96 11.8999996185303 904 295
97 11.8999996185303 908 295
98 11.8999996185303 908 296
99 11.8999996185303 904 296
100 12 904 297
101 11.8000001907349 907 297
102 11.6999998092651 907 298
103 11.6000003814697 902 299
104 11.6000003814697 902 299
105 11.6999998092651 907 299
106 11.6000003814697 907 300
107 11.8000001907349 903 300
108 11.6999998092651 903 301
109 11.5 906 301
110 11.3999996185303 906 302
111 11.3999996185303 900 303
112 11.3999996185303 900 303
113 11.1999998092651 905 303
114 11.1999998092651 905 304
115 11.1999998092651 901 305
116 11.1999998092651 902 305
117 11 905 305
118 10.8999996185303 905 306
119 10.8999996185303 902 307
120 10.8999996185303 902 307
121 10.8999996185303 905 307
122 11.6999998092651 903 301
123 11.6999998092651 903 301
124 11.6000003814697 900 300
125 11.6000003814697 900 300
126 11.6999998092651 900 299
127 12.1000003814697 900 293
128 11.6000003814697 901 298
129 12.1000003814697 902 293
130 11.6999998092651 900 299
131 12.1000003814697 899 294
132 11 938 278
133 11 937 278
134 11.3000001907349 937 282
135 11.3000001907349 937 282
136 10.1999998092651 917 181
137 10.1999998092651 917 182
138 10.3999996185303 921 182
139 10.3999996185303 921 183
140 10 917 185
141 9.5 917 186
142 9.60000038146973 921 186
143 9.5 921 187
144 9.5 918 189
145 9.5 917 188
146 9.5 918 192
147 9.60000038146973 917 192
148 11.3000001907349 1091 150
149 11 1087 150
150 11.1000003814697 1089 150
151 11 1086 150
152 11.1999998092651 981 130
153 11.1999998092651 981 130
154 11.6999998092651 986 130
155 11.6999998092651 986 130
156 11.1000003814697 986 131
157 10.8999996185303 985 132
158 11.3000001907349 980 131
159 10.8999996185303 979 132
160 11 983 132
161 11 983 132
162 10.8000001907349 979 133
163 10.8999996185303 979 134
164 10.6999998092651 984 133
165 10.6999998092651 984 134
166 10.6999998092651 977 136
167 10.3999996185303 976 137
168 11.1000003814697 980 136
169 10.8999996185303 980 137
170 10.3999996185303 976 138
171 10.3000001907349 976 139
172 10.6999998092651 979 139
173 10.6999998092651 979 139
174 10.1999998092651 975 140
175 10.1999998092651 975 141
176 10.6000003814697 978 141
177 10.3999996185303 979 141
178 10.1000003814697 976 142
179 10.1999998092651 977 143
180 10.6000003814697 981 142
181 10.5 981 143
182 9.89999961853027 977 144
183 10.1999998092651 982 144
184 10.3999996185303 979 141
185 10.6000003814697 978 141
186 10.6000003814697 982 139
187 10.6000003814697 982 139
188 10.6999998092651 979 139
189 10.6000003814697 979 138
190 10.8000001907349 983 137
191 10.8000001907349 983 137
192 10.8999996185303 980 137
193 11.1000003814697 980 136
194 10.8000001907349 983 135
195 10.8000001907349 983 135
196 11.3999996185303 983 129
197 9.5 972 146
198 9.39999961853027 972 149
199 9.39999961853027 971 150
200 9.39999961853027 971 150
201 9.89999961853027 974 150
202 9.80000019073486 974 151
203 9.10000038146973 970 152
204 9.10000038146973 970 153
205 9.69999980926514 975 152
206 9.80000019073486 975 153
207 9.10000038146973 969 154
208 9.10000038146973 969 155
209 9.89999961853027 973 154
210 9.69999980926514 973 155
211 9 969 156
212 8.89999961853027 969 157
213 9.5 973 157
214 9.19999980926514 972 157
215 8.69999980926514 967 159
216 8.69999980926514 967 159
217 9.39999961853027 971 159
218 8.60000038146973 970 160
219 8.69999980926514 967 161
220 8.69999980926514 966 162
221 8.60000038146973 969 161
222 8.80000019073486 970 162
223 8.89999961853027 966 163
224 8.69999980926514 965 164
225 8.80000019073486 968 164
226 8.80000019073486 968 164
227 8.39999961853027 965 165
228 8.5 973 162
229 8.5 973 161
230 8.5 973 161
231 8.60000038146973 969 161
232 8.60000038146973 970 160
233 8.60000038146973 970 160
234 8.80000019073486 974 158
235 8.5 975 158
236 9.19999980926514 971 158
237 9.19999980926514 972 157
238 9.39999961853027 974 156
239 9 975 156
240 9.80000019073486 975 153
241 9.30000019073486 976 152
242 9.80000019073486 963 228
243 10 965 230
244 15.1000003814697 1175 198
245 14.8999996185303 1174 201
246 14.8999996185303 1175 201
247 15 1179 199
248 9.80000019073486 1127 269
249 9.5 1128 272
250 9.5 1131 273
251 9.39999961853027 1128 273
252 9.69999980926514 1130 270
253 10.1999998092651 1130 266
254 10.6000003814697 1129 262
255 10.3000001907349 1131 264
256 10.6000003814697 1121 257
257 10.5 1123 260
258 11.6000003814697 1129 251
259 11.6999998092651 1129 249
260 14 1143 226
261 14.1000003814697 1140 225
262 14.1000003814697 1146 225
263 14.3000001907349 1147 222
264 9.80000019073486 1063 157
265 10.1000003814697 1065 161
266 15.8000001907349 1133 155
267 15.6000003814697 1132 151
268 18.5 1154 132
269 18.6000003814697 1153 133
270 18.5 1152 130
271 18.3999996185303 1151 130
272 10.5 872 300
273 10.5 873 301
274 10.5 874 303
275 10.6000003814697 875 304
276 10.5 874 303
277 10.6000003814697 875 304
278 10.5 872 301
279 10.5 873 301
280 14.8000001907349 1188 203
281 14.8999996185303 1188 200
282 9.10000038146973 848 153
283 8.69999980926514 847 156
284 10.6999998092651 942 277
285 11.1000003814697 943 281
286 10.8000001907349 976 246
287 10.8999996185303 973 248
288 13.3999996185303 1035 139
289 13.1999998092651 1035 142
290 10.3000001907349 1020 162
291 10 1016 162
292 13.8999996185303 928 88
293 13.8999996185303 926 89
294 13.8999996185303 927 89
295 13.8000001907349 927 91
296 12.3999996185303 902 101
297 12.3000001907349 903 104
298 12.3999996185303 902 100
299 12.3999996185303 902 97
300 14.5 1102 142
301 14.8999996185303 1100 140
302 12.5 1100 147
303 13 1099 144
304 10.5 937 155
305 10.6000003814697 939 158
306 10.8000001907349 942 152
307 11 942 147
308 14.3999996185303 1130 205
309 14.3000001907349 1130 208
310 14.1999998092651 1120 202
311 14 1117 201
312 10.1000003814697 1031 195
313 10.3999996185303 1032 192
314 13.5 1041 140
315 13.6999998092651 1044 140
316 11.6999998092651 1052 176
317 11.6000003814697 1051 173
318 11.3000001907349 1049 179
319 11 1046 180
320 15.8999996185303 1135 152
321 16.6000003814697 1139 150
