tg dimX dimY
1 9.38599967956543 914 231
2 9.38599967956543 914 231
3 9.37100028991699 911 232
4 9.37100028991699 911 232
5 9.48600006103516 914 233
6 9.48600006103516 914 233
7 9.75699996948242 910 234
8 9.75699996948242 910 234
9 9.37100028991699 914 235
10 9.37100028991699 914 235
11 9.68599987030029 911 236
12 9.68599987030029 911 236
13 9.75699996948242 838 152
14 9.75699996948242 838 152
15 10.0570001602173 839 149
16 10.0570001602173 839 149
17 9.24300003051758 976 275
18 8.87100028991699 979 274
19 8.85700035095215 979 273
20 10.4289999008179 1000 318
21 9.8430004119873 997 320
22 10.4569997787476 1003 309
23 9.48600006103516 999 309
24 10.3430004119873 887 319
25 10.2569999694824 886 319
26 9.81400012969971 886 323
27 9.68599987030029 885 323
28 10.1569995880127 885 319
29 9.8430004119873 884 319
30 10.21399974823 883 318
31 9.37100028991699 883 323
32 9.37100028991699 883 323
33 9.74300003051758 882 323
34 10.2430000305176 882 318
35 10.1140003204346 882 319
36 9.35700035095215 878 320
37 9.35700035095215 878 320
38 10.0290002822876 882 320
39 9.98600006103516 882 321
40 9.5290002822876 878 322
41 9.5290002822876 878 322
42 9.8430004119873 882 322
43 9.74300003051758 882 323
44 9.41399955749512 879 323
45 9.4709997177124 880 324
46 9.81400012969971 886 323
47 9.81400012969971 886 323
48 10.0430002212524 886 324
49 9.5 881 325
50 9.57100009918213 882 325
51 9.57100009918213 882 326
52 10.2430000305176 882 318
53 10.3140001296997 882 317
54 9.62899971008301 878 317
55 9.92899990081787 877 317
56 10 877 316
57 10.4429998397827 881 315
58 10.4709997177124 882 315
59 10.0860004425049 877 315
60 10.1859998703003 877 314
61 10.5290002822876 881 313
62 10.5290002822876 881 313
63 10.371000289917 878 313
64 10.5139999389648 878 312
65 10.1859998703003 880 311
66 10.5710000991821 878 311
67 10.4139995574951 879 310
68 10.5570001602173 878 310
69 10.4139995574951 884 317
70 10.3290004730225 885 318
71 10.4289999008179 883 316
72 10.4709997177124 882 315
73 9.61400032043457 913 357
74 9.68599987030029 913 356
75 9.24300003051758 917 356
76 9.54300022125244 917 355
77 9.27099990844727 906 268
78 9.48600006103516 907 268
79 9.27099990844727 904 269
80 9.1569995880127 903 270
81 9.32900047302246 907 270
82 9.32900047302246 907 270
83 9.3430004119873 904 271
84 9.58600044250488 905 272
85 9.31400012969971 906 273
86 9.38599967956543 906 274
87 9.44299983978271 910 274
88 9.31400012969971 909 274
89 9.38599967956543 906 275
90 9.54300022125244 906 276
91 9.92899990081787 909 276
92 9.92899990081787 909 276
93 9.95699977874756 907 293
94 9.94299983978271 907 294
95 9.8430004119873 904 294
96 9.85700035095215 904 295
97 9.81400012969971 908 295
98 9.80000019073486 908 296
99 9.78600025177002 904 296
100 9.57100009918213 904 297
101 9.77099990844727 907 297
102 9.55700016021729 907 298
103 9.78600025177002 902 299
104 9.78600025177002 902 299
105 9.4709997177124 907 299
106 9.35700035095215 907 300
107 9.24300003051758 903 300
108 9.17099952697754 903 301
109 9.71399974822998 906 301
110 9.91399955749512 906 302
111 9.6569995880127 900 303
112 9.6569995880127 900 303
113 10.0430002212524 905 303
114 10.21399974823 905 304
115 10 901 305
116 9.80000019073486 902 305
117 10.1000003814697 905 305
118 10.28600025177 905 306
119 10.1569995880127 902 307
120 10.1569995880127 902 307
121 10.1709995269775 905 307
122 9.17099952697754 903 301
123 9.17099952697754 903 301
124 9.60000038146973 900 300
125 9.60000038146973 900 300
126 9.57100009918213 900 299
127 9.5 900 293
128 9.75699996948242 901 298
129 9.68599987030029 902 293
130 9.57100009918213 900 299
131 9.41399955749512 899 294
132 9.67099952697754 938 278
133 9.80000019073486 937 278
134 9.51399993896484 937 282
135 9.51399993896484 937 282
136 9.3430004119873 917 181
137 9.30000019073486 917 182
138 9.19999980926514 921 182
139 9.19999980926514 921 183
140 9.25699996948242 917 185
141 9.10000038146973 917 186
142 8.77099990844727 921 186
143 9 921 187
144 9.35700035095215 918 189
145 9.32900047302246 917 188
146 9.08600044250488 918 192
147 9.12899971008301 917 192
148 7.45699977874756 1091 150
149 7.41400003433228 1087 150
150 7.38600015640259 1089 150
151 7.34299993515015 1086 150
152 9.11400032043457 981 130
153 9.11400032043457 981 130
154 7.95699977874756 986 130
155 7.95699977874756 986 130
156 9.04300022125244 986 131
157 9.07100009918213 985 132
158 9.17099952697754 980 131
159 9.18599987030029 979 132
160 9.04300022125244 983 132
161 9.04300022125244 983 132
162 9.21399974822998 979 133
163 8.88599967956543 979 134
164 9.05700016021729 984 133
165 8.95699977874756 984 134
166 9.1569995880127 977 136
167 9.32900047302246 976 137
168 8.4709997177124 980 136
169 8.42899990081787 980 137
170 9.27099990844727 976 138
171 9.30000019073486 976 139
172 8.37100028991699 979 139
173 8.37100028991699 979 139
174 9.37100028991699 975 140
175 9.3430004119873 975 141
176 8.48600006103516 978 141
177 8.51399993896484 979 141
178 9.27099990844727 976 142
179 9.0290002822876 977 143
180 8.38599967956543 981 142
181 8.45699977874756 981 143
182 8.95699977874756 977 144
183 8.58600044250488 982 144
184 8.51399993896484 979 141
185 8.48600006103516 978 141
186 8.5290002822876 982 139
187 8.5290002822876 982 139
188 8.37100028991699 979 139
189 8.4709997177124 979 138
190 8.39999961853027 983 137
191 8.39999961853027 983 137
192 8.42899990081787 980 137
193 8.4709997177124 980 136
194 8.85700035095215 983 135
195 8.85700035095215 983 135
196 8.94299983978271 983 129
197 9.48600006103516 972 146
198 9.14299964904785 972 149
199 9.61400032043457 971 150
200 9.61400032043457 971 150
201 8.6569995880127 974 150
202 8.45699977874756 974 151
203 9.75699996948242 970 152
204 9.3430004119873 970 153
205 8.19999980926514 975 152
206 8.11400032043457 975 153
207 9.82900047302246 969 154
208 9.85700035095215 969 155
209 8.07100009918213 973 154
210 8.5 973 155
211 9.88599967956543 969 156
212 9.88599967956543 969 157
213 8.67099952697754 973 157
214 8.92899990081787 972 157
215 9.89999961853027 967 159
216 9.89999961853027 967 159
217 8.27099990844727 971 159
218 9.3430004119873 970 160
219 9.69999980926514 967 161
220 9.74300003051758 966 162
221 9.67099952697754 969 161
222 9 970 162
223 9.17099952697754 966 163
224 9.61400032043457 965 164
225 9.41399955749512 968 164
226 9.41399955749512 968 164
227 10.1429996490479 965 165
228 9.91399955749512 973 162
229 9.57100009918213 973 161
230 9.57100009918213 973 161
231 9.67099952697754 969 161
232 9.3430004119873 970 160
233 9.3430004119873 970 160
234 9.27099990844727 974 158
235 9.72900009155273 975 158
236 8.61400032043457 971 158
237 8.92899990081787 972 157
238 8.77099990844727 974 156
239 9.44299983978271 975 156
240 8.11400032043457 975 153
241 8.92899990081787 976 152
242 9.68599987030029 963 228
243 8.85700035095215 965 230
244 7.27099990844727 1175 198
245 7.68599987030029 1174 201
246 7.22900009155273 1175 201
247 6.98600006103516 1179 199
248 8.98600006103516 1127 269
249 9.75699996948242 1128 272
250 9.61400032043457 1131 273
251 9.61400032043457 1128 273
252 8.87100028991699 1130 270
253 9.60000038146973 1130 266
254 9.57100009918213 1129 262
255 8.89999961853027 1131 264
256 8.82900047302246 1121 257
257 9.12899971008301 1123 260
258 8.81400012969971 1129 251
259 8.9709997177124 1129 249
260 8.89999961853027 1143 226
261 8.5 1140 225
262 8.81400012969971 1146 225
263 8.58600044250488 1147 222
264 8.22900009155273 1063 157
265 7.62900018692017 1065 161
266 7.97100019454956 1133 155
267 7.44299983978271 1132 151
268 7.54300022125244 1154 132
269 7.92899990081787 1153 133
270 7 1152 130
271 7.05700016021729 1151 130
272 9.4709997177124 872 300
273 10.1140003204346 873 301
274 9.89999961853027 874 303
275 9.78600025177002 875 304
276 9.89999961853027 874 303
277 9.78600025177002 875 304
278 10.0139999389648 872 301
279 10.1140003204346 873 301
280 7.04300022125244 1188 203
281 6.72900009155273 1188 200
282 9.60000038146973 848 153
283 9.48600006103516 847 156
284 9.91399955749512 942 277
285 9.38599967956543 943 281
286 9.18599987030029 976 246
287 8.68599987030029 973 248
288 6.72900009155273 1035 139
289 6.74300003051758 1035 142
290 8.24300003051758 1020 162
291 8.57100009918213 1016 162
292 7.80000019073486 928 88
293 7.42899990081787 926 89
294 7.51399993896484 927 89
295 7.52899980545044 927 91
296 8.32900047302246 902 101
297 8.14299964904785 903 104
298 8.30000019073486 902 100
299 7.87099981307983 902 97
300 7.45699977874756 1102 142
301 6.42899990081787 1100 140
302 7.88600015640259 1100 147
303 7.12900018692017 1099 144
304 9.0290002822876 937 155
305 8.01399993896484 939 158
306 8.69999980926514 942 152
307 8.87100028991699 942 147
308 8.77099990844727 1130 205
309 9.35700035095215 1130 208
310 9.19999980926514 1120 202
311 8.08600044250488 1117 201
312 8.37100028991699 1031 195
313 8.0290002822876 1032 192
314 6.68599987030029 1041 140
315 5.94299983978271 1044 140
316 8.61400032043457 1052 176
317 8.55700016021729 1051 173
318 9.31400012969971 1049 179
319 8.95699977874756 1046 180
320 7.72900009155273 1135 152
321 8.07100009918213 1139 150
